start=881.780900
speed=2.600000
