start=74.333000
speed=2.000000
