start=3440.406531
speed=2.500000
volume=98.000000
sid=no
