start=821.654167
speed=3.000000
pause=yes
