start=3120.653846
speed=2.200000
