start=259.133333
speed=3.000000
pause=yes
