start=4091.378967
speed=3.000000
pause=yes
panscan=0.100000
aid=1
sid=1
sub-delay=-0.000000
sub-pos=103
