start=660.860200
speed=2.300000
