start=128.585975
speed=2.650000
pause=yes
