start=69.800000
speed=2.000000
volume=100.500000
