start=892.433208
speed=2.300000
pause=yes
