start=176.433333
speed=2.600000
