start=2965.178824
speed=2.250000
sid=no
