start=311.817000
speed=2.000000
