start=1494.916667
speed=3.000000
pause=yes
deinterlace=yes
sub-pos=102
ab-loop-a=1315.266667
ab-loop-b=1315.266667
