start=1231.767000
speed=1.700000
volume=96.000000
sid=no
ab-loop-a=601.600000
