start=6.133000
volume=84.000000
sid=no
ab-loop-a=601.600000
