start=1699.520000
ab-loop-a=1682.800000
