start=3573.197749
speed=2.700000
sid=no
