start=443.300000
speed=2.000000
