start=294.795000
speed=2.500000
volume=99.000000
