start=3717.226767
speed=2.500000
sid=no
