start=3233.370208
speed=2.400000
ab-loop-a=758.545270
