start=1378.878000
speed=2.200000
