start=277.466000
speed=1.200000
