start=835.958000
speed=3.000000
