start=951.767000
speed=2.000000
volume=108.000000
sid=no
