start=3439.501430
speed=2.500000
