start=336.833333
speed=4.050000
