start=8.000000
volume=99.000000
