start=473.200000
speed=2.600000
