start=1539.866667
speed=2.000000
pause=yes
