start=373.915211
speed=2.200000
